93
74
1
132
59
112
151
122
116
79
147
2
114
138
157
97
91
73
143
29
100
11
38
31
40
109
63
15
50
52
110
36
148
90
17
121
124
23
18
80
3
130
134
19
95
125
13
9
126
119
78
22
43
32
14
21
89
131
84
101
33
28
155
128
8
72
108
137
159
54
55
82
136
47
34
152
71
104
0
142
135
41
56
140
77
150
158
106
10
45
99
133
144
103
76
16
35
118
42
51
37
96
7
64
123
120
113
30
94
127
6
117
27
58
75
141
153
62
39
105
5
46
49
67
61
83
111
149
115
26
57
129
60
154
53
92
146
25
102
86
87
85
44
88
48
12
65
69
24
98
66
81
4
156
139
20
107
68
70
145
