157
256
48
128
107
168
94
25
188
101
93
88
72
196
184
186
14
177
51
183
110
74
212
226
138
156
119
179
219
161
169
133
24
39
233
136
99
126
135
68
187
203
162
75
145
214
114
243
200
250
229
3
201
59
78
149
98
215
1
54
4
12
2
254
160
36
5
220
44
192
173
205
117
221
218
61
189
123
139
95
60
159
242
225
18
105
37
207
240
142
122
154
153
232
164
202
163
85
211
241
222
140
180
67
0
151
174
77
21
131
28
57
247
69
9
106
58
155
113
84
76
53
92
194
236
257
228
16
171
79
209
248
246
73
111
166
137
224
97
80
81
64
251
49
217
17
55
234
23
52
182
103
253
56
13
104
130
191
121
43
86
143
148
235
198
239
259
195
19
11
141
170
8
108
63
35
223
87
66
34
199
208
32
261
152
89
213
158
20
124
197
120
230
193
129
147
22
206
82
91
176
45
252
238
245
38
260
258
96
185
115
118
109
165
83
33
204
127
255
125
116
27
71
15
41
144
237
50
29
167
10
46
6
181
244
30
150
216
31
172
231
227
112
90
42
175
70
132
190
134
65
40
102
249
210
26
178
100
7
47
62
146
