47
48
196
134
237
233
171
7
42
92
23
257
144
21
130
219
69
71
154
147
220
157
97
54
93
106
45
39
133
244
52
46
8
18
5
164
253
148
76
251
214
231
241
156
122
75
132
230
9
200
124
150
22
70
170
160
259
201
125
108
136
67
101
33
143
84
137
95
62
211
121
248
128
138
25
236
37
14
131
81
163
141
174
56
0
227
213
221
94
50
64
175
53
104
208
36
113
184
19
186
155
187
13
261
192
78
189
28
17
96
127
115
256
240
105
238
180
111
173
119
162
168
60
218
181
120
178
103
191
79
38
260
229
158
222
207
99
204
255
179
169
15
172
212
140
226
195
3
61
149
10
166
4
177
151
199
98
6
66
88
20
126
83
112
43
73
224
252
223
102
24
118
198
234
188
30
11
250
235
85
35
210
58
142
68
183
74
203
217
100
41
90
55
209
194
152
32
247
2
16
117
87
190
116
245
72
215
206
258
65
135
216
242
182
114
26
249
129
159
185
193
89
246
110
146
123
145
153
86
34
107
44
167
80
243
63
27
202
59
139
29
225
1
228
49
161
239
91
40
31
232
57
51
254
197
12
205
109
176
82
77
165
