170
50
76
79
178
49
3
180
55
112
165
130
137
182
35
176
103
41
186
184
151
46
102
33
174
18
53
91
95
141
189
19
104
119
98
100
152
143
4
69
108
28
56
82
109
77
37
71
110
90
118
96
5
20
34
52
87
107
68
150
177
142
74
62
47
29
169
131
168
161
59
146
7
115
2
51
126
124
80
92
6
16
26
138
83
9
60
85
135
12
148
61
39
32
75
121
93
188
160
162
22
164
132
158
54
81
43
0
31
101
23
139
190
48
166
106
15
134
123
167
173
66
64
145
192
154
149
153
27
147
191
21
72
88
67
172
57
45
42
1
78
171
133
63
175
105
13
127
114
58
136
183
70
8
111
129
125
140
187
116
89
14
128
25
73
97
113
122
86
185
155
156
120
84
36
117
163
10
159
17
30
24
40
179
157
65
94
144
181
11
38
44
99
