190
110
2
117
179
87
144
40
178
81
120
83
69
162
66
72
113
185
182
163
70
89
35
133
44
6
36
15
102
187
58
55
171
115
104
97
71
32
186
75
19
129
177
159
100
145
121
105
16
13
29
149
157
54
17
103
20
18
90
125
180
80
31
12
78
135
23
142
189
147
93
68
79
28
106
111
60
46
170
14
10
150
130
82
0
161
33
139
112
74
165
65
154
127
109
48
99
57
63
116
128
92
88
138
176
172
174
191
131
114
95
148
62
91
132
188
84
64
49
4
59
143
22
67
61
152
25
141
123
118
137
124
108
21
77
45
34
8
164
158
156
37
3
11
39
101
155
140
86
51
166
96
76
153
73
7
24
119
38
27
98
5
1
94
107
151
85
47
52
56
173
160
50
42
43
30
146
9
41
184
134
126
167
169
168
175
183
122
181
136
53
192
26
