177
122
119
73
278
25
204
272
101
171
220
131
84
160
206
126
228
95
151
114
65
253
328
218
71
209
286
75
97
316
268
21
243
132
290
310
58
194
128
258
9
214
5
262
213
94
74
112
139
157
105
180
51
197
52
239
109
188
34
163
66
153
215
181
28
254
16
1
184
200
270
107
320
176
241
191
145
38
158
26
264
323
261
226
276
234
307
61
77
29
64
152
182
210
227
161
143
326
174
187
296
266
279
169
111
275
31
309
271
27
300
134
305
138
86
322
68
217
113
216
178
203
24
124
130
199
257
63
167
33
294
30
230
173
154
45
205
4
121
133
59
35
141
118
288
235
304
325
297
127
249
22
42
120
83
237
96
129
19
15
238
100
186
302
292
193
313
79
60
244
116
324
91
53
7
285
281
259
0
135
87
321
236
172
232
327
251
240
23
196
265
46
295
85
56
43
315
291
37
202
36
136
69
17
223
93
90
280
233
207
142
49
57
318
267
115
314
195
10
317
212
221
298
170
67
283
147
175
289
80
8
208
110
98
102
168
123
250
40
144
222
189
256
179
125
106
164
76
287
273
166
2
303
11
117
78
255
108
92
62
12
103
190
88
99
81
301
277
41
162
242
293
159
330
260
274
55
246
70
247
284
319
54
156
13
155
299
224
263
82
146
140
312
282
18
48
211
192
39
137
149
20
47
219
148
72
14
252
6
306
89
308
311
50
185
229
44
201
225
183
150
245
165
32
269
104
231
3
248
329
198
