97
189
173
301
131
286
277
241
327
176
88
236
325
100
149
167
196
119
103
299
329
282
93
61
300
134
289
141
121
293
109
192
52
237
4
24
303
238
216
170
17
45
206
5
44
269
313
298
230
120
125
28
224
132
137
47
267
314
98
177
35
66
281
193
244
49
190
155
89
136
74
264
19
130
75
51
118
101
16
285
197
202
249
11
273
53
104
297
147
215
174
78
72
203
12
194
279
146
253
309
288
30
65
201
317
145
158
207
73
84
256
116
304
172
270
39
306
29
294
275
123
180
242
166
228
133
7
232
22
59
259
8
56
254
86
85
212
34
187
217
311
214
218
168
308
50
87
142
153
108
292
222
245
79
320
276
127
21
81
208
48
102
140
263
15
40
92
284
310
271
280
204
157
64
60
265
1
250
234
107
199
0
54
179
115
266
324
291
124
144
169
287
255
33
82
160
307
183
96
195
235
6
321
210
36
326
213
252
55
181
106
240
148
139
219
295
319
225
175
27
58
272
226
184
296
3
110
129
274
246
227
185
68
105
71
198
186
315
161
163
63
233
200
191
171
156
122
135
95
251
151
318
70
221
13
143
262
14
322
312
209
128
258
25
32
247
164
67
69
162
10
257
99
290
248
260
138
18
302
20
223
323
83
62
126
112
38
178
243
23
188
91
229
2
220
76
261
90
205
165
117
80
278
37
111
305
9
283
77
328
26
182
231
43
154
42
41
150
46
268
113
57
152
159
31
239
114
330
316
94
211
