199
128
138
98
116
4
58
18
32
159
121
139
102
188
210
10
26
51
200
17
156
124
179
118
187
198
68
149
89
168
109
140
42
31
201
72
91
173
127
106
185
166
117
205
115
39
35
14
135
202
162
122
207
1
61
69
171
34
16
129
175
99
90
111
22
74
193
84
172
101
79
7
157
28
48
177
182
19
176
53
161
30
78
208
120
24
209
146
71
2
145
47
164
60
150
180
85
62
44
194
148
190
75
181
174
126
87
186
49
184
183
133
93
189
37
112
206
77
5
154
21
132
20
8
59
73
52
178
86
15
95
27
103
136
54
108
43
196
80
6
81
141
38
96
3
125
191
92
94
114
151
40
167
142
63
13
41
170
155
12
119
70
153
169
56
131
33
23
195
137
29
143
9
152
147
82
163
88
130
113
104
197
55
45
203
25
66
11
110
83
192
76
107
67
160
204
57
64
165
100
65
50
46
0
105
158
144
134
123
97
36
