199
97
68
23
136
59
10
108
173
47
15
72
137
40
57
159
166
104
54
66
81
147
201
130
78
41
36
32
121
103
182
92
106
179
53
29
124
134
95
83
207
70
45
55
21
153
148
144
131
43
209
112
52
174
3
185
184
50
188
27
180
141
65
127
82
12
196
99
206
33
169
170
28
6
128
48
152
203
191
102
22
84
85
164
14
151
0
5
105
61
46
89
100
86
69
133
90
176
156
132
171
162
19
101
154
146
122
208
39
202
167
114
64
63
149
31
56
17
60
75
111
25
138
175
18
181
74
58
177
35
20
71
8
44
116
123
160
34
79
189
93
115
107
143
135
80
42
186
110
190
113
158
76
1
62
172
145
119
88
195
16
117
205
118
49
26
51
155
77
13
94
37
120
142
87
178
11
125
24
129
4
200
38
165
198
30
91
187
183
168
197
9
98
193
140
161
210
192
126
204
194
73
150
163
7
67
2
109
96
139
157
