85
57
176
232
212
172
297
129
71
153
218
254
33
244
68
151
88
95
192
304
132
275
55
121
267
265
4
115
100
261
296
197
87
61
285
247
120
183
278
145
187
34
269
166
18
216
114
19
67
28
125
11
113
164
127
178
239
179
171
6
299
76
200
291
236
106
30
10
91
177
235
225
259
180
150
60
221
58
138
83
155
89
107
248
140
143
15
162
38
245
231
73
199
272
287
294
233
289
191
128
292
213
5
137
135
21
84
156
131
301
14
222
48
286
130
74
159
210
7
31
144
102
260
45
229
23
154
202
174
79
117
49
295
173
251
273
40
168
78
253
182
90
208
62
175
81
242
104
70
51
252
97
237
0
206
215
35
103
17
161
32
2
123
80
167
42
101
149
194
302
12
217
136
94
92
270
169
280
306
22
118
29
8
283
148
25
196
209
198
204
226
298
122
266
50
284
282
160
190
157
271
257
214
64
228
116
37
303
195
124
184
54
256
20
224
220
53
44
227
1
141
72
27
255
241
142
133
112
223
246
250
86
9
288
63
82
205
108
293
56
211
16
219
110
119
258
185
193
234
41
77
109
66
152
268
39
170
158
46
207
281
189
139
96
69
203
65
165
75
98
43
305
243
186
276
240
47
277
99
201
24
146
262
93
263
147
52
290
188
111
249
36
26
163
3
126
279
230
300
134
105
238
181
59
274
264
13
