191
213
171
247
206
295
282
294
79
136
181
274
241
17
301
137
55
23
71
233
36
281
297
184
118
304
249
146
80
303
50
106
172
110
112
277
189
6
84
26
65
77
232
56
203
103
156
201
292
152
179
236
138
175
75
134
299
131
195
161
265
173
73
284
290
157
126
88
52
215
300
185
209
123
158
193
234
208
78
155
91
54
139
226
279
3
268
102
166
141
243
188
7
64
48
283
186
45
70
289
47
41
260
74
259
237
192
128
38
89
96
246
218
49
205
10
183
170
288
199
16
25
121
165
144
204
132
72
305
27
187
224
115
35
252
230
219
264
109
255
98
40
178
153
267
154
239
0
167
207
228
31
21
202
93
39
257
160
127
169
217
57
11
125
271
164
24
87
37
43
108
278
198
2
190
83
196
63
122
222
13
150
81
114
104
130
197
95
254
159
244
280
261
120
133
113
62
14
69
129
44
107
42
212
258
92
229
90
177
211
33
8
200
220
99
135
15
214
251
82
86
140
287
275
147
53
293
51
100
240
273
162
235
111
143
276
148
216
231
245
101
68
85
248
12
210
32
67
168
163
18
250
4
151
117
221
270
34
227
94
266
263
194
22
30
176
97
182
9
29
223
285
149
66
59
286
225
58
19
1
291
20
302
28
119
105
262
61
238
124
256
76
253
174
298
296
46
242
272
306
145
180
142
269
60
116
5
