171
19
48
130
124
105
12
138
179
176
251
168
140
213
104
112
271
118
250
195
175
23
111
270
33
99
260
207
255
199
80
256
173
245
15
152
70
35
153
253
91
78
189
258
161
131
156
71
197
100
139
150
230
22
38
85
40
244
14
134
239
26
51
166
75
37
18
163
120
185
231
83
259
146
182
68
117
44
4
261
225
7
211
108
272
10
177
193
32
59
273
50
21
190
196
86
215
79
123
208
167
53
27
87
6
2
0
69
73
212
127
84
246
223
228
220
128
200
65
188
121
221
101
214
107
110
72
77
54
209
58
3
28
266
264
137
145
160
125
135
172
66
43
178
113
106
97
147
8
103
233
122
119
183
67
192
41
206
141
174
232
55
257
129
262
74
56
29
9
151
52
218
170
132
142
159
162
92
202
116
203
11
154
149
13
187
93
49
36
20
95
219
76
57
229
224
109
204
133
148
114
194
226
155
169
62
191
126
63
64
157
240
60
243
5
89
210
234
164
217
274
102
30
158
47
241
268
17
96
254
1
201
236
46
205
237
184
25
252
267
242
143
61
34
269
98
235
238
181
227
247
186
265
165
90
16
136
94
24
82
45
81
88
180
198
115
216
144
248
39
249
263
31
222
42
