98
18
14
271
159
209
221
201
243
36
168
207
257
132
172
102
44
212
11
117
277
283
5
9
244
196
26
161
224
274
150
66
215
133
149
72
136
163
268
96
105
106
23
248
203
111
265
80
249
231
129
7
151
35
83
255
43
99
143
24
121
30
94
269
211
286
251
70
148
198
158
93
68
167
116
146
97
89
238
253
75
177
91
225
42
164
16
230
20
162
280
204
170
12
179
178
233
6
276
108
235
156
115
130
54
266
175
79
10
69
22
1
199
21
48
29
214
208
174
63
273
254
218
180
25
206
279
258
47
124
216
37
107
144
125
240
155
49
38
275
259
33
118
261
171
95
41
210
282
135
227
4
138
114
191
110
213
62
57
122
13
139
60
260
46
109
169
176
17
56
181
76
58
232
61
53
264
241
188
278
67
100
190
87
263
192
52
31
77
34
28
123
113
45
120
237
65
140
267
3
86
281
222
247
245
186
154
85
2
142
84
166
127
252
228
0
82
50
219
242
284
73
104
256
182
71
236
134
55
153
193
262
250
59
39
27
272
229
126
220
200
145
285
101
173
185
183
103
184
165
202
189
187
8
51
64
141
15
131
160
226
81
270
194
88
32
157
137
234
74
217
205
197
147
78
90
239
152
40
19
195
128
119
223
112
92
246
