44
273
106
21
8
113
77
4
85
181
138
16
255
69
120
175
83
65
241
46
251
266
154
230
31
108
81
90
24
197
62
7
50
150
117
139
160
214
122
179
162
119
247
171
157
68
277
272
173
29
256
225
187
135
76
82
49
226
252
188
5
38
190
2
148
33
183
131
174
132
36
134
217
198
103
10
96
87
268
206
140
221
70
240
235
22
177
243
78
143
215
52
92
56
72
267
159
191
279
282
61
35
0
278
91
257
142
184
158
186
274
73
97
1
231
14
263
216
236
130
60
211
207
110
156
89
261
151
95
86
275
74
185
53
271
63
248
152
237
212
145
213
220
146
58
98
203
99
244
204
12
170
23
101
80
144
133
189
208
176
115
153
210
40
19
79
265
127
234
242
238
229
64
123
269
26
71
141
129
202
45
13
34
169
276
15
20
28
260
281
55
223
166
227
249
164
17
167
75
105
155
30
111
259
218
209
116
262
194
270
94
193
264
245
137
165
200
93
57
37
66
250
42
125
51
147
121
9
59
224
163
102
253
25
47
43
112
109
239
114
128
172
233
178
11
258
18
54
246
192
222
201
124
118
107
32
6
27
219
199
104
39
88
84
126
228
280
3
205
149
136
168
41
232
182
67
100
48
161
196
195
254
180
