60
19
81
212
183
143
83
158
268
154
75
199
54
254
174
187
261
217
2
243
68
274
67
275
192
244
259
175
71
53
180
134
182
139
101
137
141
157
211
173
94
18
0
5
98
277
218
197
205
100
57
23
213
239
111
258
38
47
231
194
90
227
10
132
198
276
179
225
17
248
74
238
230
58
1
52
72
73
16
204
96
48
256
25
50
105
30
91
84
97
118
87
156
155
257
229
142
102
242
113
21
236
9
237
178
37
164
186
166
214
28
267
112
223
41
170
82
162
191
245
56
228
49
279
77
176
210
184
65
253
115
252
148
152
6
117
280
33
221
159
127
196
43
145
177
188
121
40
232
123
195
24
106
250
260
76
249
70
241
78
200
32
233
27
153
272
266
20
240
4
136
255
119
131
146
108
270
31
271
8
163
172
273
34
124
222
149
51
216
247
147
22
165
264
125
138
171
167
26
181
144
150
99
262
219
36
126
29
109
224
116
220
263
14
282
79
13
190
206
85
189
160
88
208
59
140
15
202
66
46
93
251
63
110
215
89
95
278
3
281
55
42
203
11
80
128
169
168
151
69
44
120
133
64
12
193
86
104
226
161
129
61
122
269
209
265
246
130
7
35
235
62
135
45
185
207
39
201
92
103
107
234
114
