231
4
183
137
110
66
59
88
84
114
111
47
16
167
10
237
71
215
116
199
213
159
266
139
37
95
262
200
187
222
193
113
49
128
257
86
242
27
207
195
253
281
259
148
54
162
186
191
197
0
283
247
57
5
82
46
42
176
228
43
154
175
107
240
196
272
91
14
18
112
104
55
117
68
81
94
124
147
22
282
205
15
41
230
136
29
35
143
279
3
225
83
25
38
33
256
123
267
217
85
70
140
239
76
168
73
134
235
224
78
36
2
270
28
221
8
163
269
220
249
212
261
96
142
223
178
246
150
74
170
189
67
17
172
75
268
122
164
93
44
146
284
58
90
109
177
255
39
11
203
286
192
219
98
129
210
21
115
56
289
120
271
89
97
103
273
105
6
278
102
158
144
275
79
24
69
157
280
182
218
60
264
151
181
160
190
184
185
265
52
232
118
290
130
125
166
204
1
236
227
31
233
252
243
119
34
156
234
208
141
276
174
260
30
131
244
45
245
53
13
229
206
274
169
26
250
226
72
201
32
287
145
106
108
153
254
258
100
77
50
152
9
63
211
214
126
7
198
51
20
80
209
194
48
161
64
87
180
277
238
138
179
65
23
149
155
40
19
165
133
132
241
216
135
62
101
263
61
251
285
173
92
188
248
12
121
127
171
99
202
288
