262
248
5
215
270
282
49
200
210
134
277
32
105
191
223
220
1
238
150
19
143
137
121
48
221
66
228
164
75
82
241
219
140
193
55
116
124
175
91
78
123
97
229
178
34
159
103
47
206
233
275
117
184
257
179
87
218
38
244
171
129
20
29
113
52
272
86
266
182
152
42
35
278
30
259
64
194
0
226
54
258
214
172
2
212
139
88
283
61
247
18
17
92
174
46
230
104
274
246
135
24
286
265
252
180
240
205
260
26
10
80
285
60
146
203
14
138
69
207
126
31
68
65
74
27
132
37
114
158
261
235
290
16
281
11
273
190
110
269
227
84
100
107
94
151
166
70
173
95
50
98
196
187
43
108
185
249
133
253
101
199
59
153
154
41
58
250
263
72
40
136
267
71
81
236
22
161
62
280
186
3
120
39
279
148
77
176
106
119
8
162
165
127
13
12
111
6
224
209
63
168
243
36
234
131
204
160
254
141
51
90
177
271
130
284
15
170
125
255
211
225
25
57
181
157
289
237
128
201
245
276
93
4
163
149
118
89
102
189
9
28
198
216
239
156
197
169
83
251
115
256
112
7
145
147
217
44
144
231
208
264
167
45
23
33
155
222
109
242
73
79
287
142
213
21
85
56
96
122
99
67
268
76
288
232
188
183
202
195
192
53
