36
169
53
218
37
11
74
30
259
303
99
6
134
233
10
69
72
123
152
126
314
3
224
241
44
105
54
4
117
61
230
213
211
31
52
178
245
168
92
246
7
182
283
16
107
287
192
212
256
225
146
175
142
214
67
203
300
308
24
121
100
157
135
258
57
89
312
290
94
275
13
288
183
298
156
272
75
47
161
70
304
60
101
274
305
206
244
26
102
49
280
201
129
41
119
50
144
46
262
281
15
71
98
199
150
9
55
12
85
114
133
33
124
149
39
25
253
260
84
28
22
264
27
112
141
222
155
295
77
110
120
1
223
73
265
311
79
286
235
250
204
188
249
221
268
59
68
247
147
93
252
291
200
191
219
266
180
34
215
276
307
163
297
279
231
118
17
159
137
21
131
294
301
160
78
151
32
310
217
154
198
140
309
0
193
111
136
51
240
167
234
285
2
185
91
166
148
18
62
207
76
143
40
248
226
109
238
267
184
255
64
195
242
20
315
209
173
171
187
145
87
162
284
220
86
23
205
282
128
176
63
263
80
239
296
270
257
227
58
313
189
90
56
269
273
236
277
138
153
170
194
66
158
232
95
179
139
106
306
299
43
197
293
116
42
115
127
5
271
292
113
196
96
8
174
216
302
48
210
108
261
83
237
172
82
229
38
164
243
88
35
251
289
181
190
122
14
19
177
97
254
45
103
132
104
202
228
125
208
165
81
278
65
186
29
130
