137
147
93
187
243
259
45
229
289
293
67
68
269
283
41
18
88
143
315
288
286
261
14
119
87
32
218
260
160
220
172
161
35
222
215
108
192
158
174
255
300
16
63
38
37
237
53
31
245
186
210
134
91
140
225
2
236
98
254
152
66
5
194
27
223
57
295
235
115
310
270
123
201
276
291
313
191
95
29
268
278
179
0
128
60
290
244
47
102
176
230
81
190
246
170
206
208
94
285
59
203
272
305
84
267
76
232
121
11
163
9
120
162
262
273
33
28
198
54
226
112
131
178
171
90
109
287
124
4
36
296
250
184
44
132
239
100
75
1
180
30
251
306
51
127
213
19
50
209
205
65
72
80
141
20
307
211
299
138
311
99
34
70
126
15
175
234
117
188
297
24
71
122
118
39
202
168
104
189
58
77
52
105
271
182
3
258
233
46
150
26
294
139
266
43
169
56
241
221
193
199
83
55
256
207
48
167
309
82
165
224
78
249
42
133
17
164
157
302
85
110
8
97
257
10
284
149
125
145
142
212
314
253
264
73
177
64
275
238
106
280
197
219
308
228
240
129
23
265
148
298
231
181
107
196
114
21
6
62
292
200
242
61
136
274
166
156
301
312
277
153
79
282
281
146
155
74
96
303
40
252
113
151
135
173
103
13
116
248
92
304
185
69
183
7
144
111
279
217
89
101
86
216
22
25
263
49
154
195
159
247
130
214
204
227
12
