32
138
16
125
38
201
210
72
102
101
108
103
85
27
196
47
28
116
212
36
200
172
203
105
182
157
187
154
19
213
158
60
169
11
195
170
204
29
52
113
58
41
12
173
34
106
148
22
209
15
64
129
87
21
186
145
146
44
2
130
176
104
95
50
42
147
26
80
207
152
45
167
161
43
184
124
199
151
73
86
82
197
208
126
13
168
111
0
90
171
142
120
156
18
81
127
5
175
66
9
112
191
40
57
99
189
136
174
54
194
165
131
110
7
123
137
6
188
121
17
89
61
59
4
180
128
37
141
185
206
122
53
92
8
62
56
202
162
23
100
109
77
93
74
117
33
68
91
1
97
70
78
181
166
183
94
163
119
67
69
205
155
143
149
150
115
135
114
79
96
46
107
179
134
25
30
160
118
192
84
49
139
20
132
144
153
193
51
177
140
76
65
35
63
55
39
31
75
88
190
71
164
211
14
178
133
159
98
83
10
198
3
48
24
