44
131
134
94
117
130
68
93
128
129
42
65
163
26
63
53
146
11
105
33
88
43
155
135
160
119
142
123
158
162
8
156
57
86
0
145
81
34
111
59
90
137
127
91
23
24
106
4
153
100
114
154
39
13
139
40
89
55
110
112
118
141
35
5
152
149
133
28
101
92
18
109
136
74
27
113
17
29
56
140
16
70
3
144
52
37
66
97
121
120
50
73
15
103
21
36
60
62
46
47
72
12
77
82
45
54
96
107
148
80
75
151
79
78
84
19
14
32
150
143
124
99
2
38
125
25
31
126
61
64
58
10
104
30
6
1
132
41
22
95
165
48
115
83
85
51
76
147
49
7
138
108
102
69
71
20
98
9
159
87
122
164
157
161
67
116
