120
214
184
502
102
200
324
391
561
257
186
57
585
141
543
43
270
268
423
177
254
239
220
330
569
151
489
107
50
525
188
118
577
580
74
490
297
345
510
168
16
309
373
31
375
260
493
288
384
300
154
337
170
217
76
433
190
552
232
519
48
383
174
187
564
382
341
457
428
203
52
402
234
392
181
106
551
532
236
503
155
157
240
12
29
294
557
180
422
117
579
306
20
131
96
290
293
110
315
163
322
15
484
33
26
455
403
256
544
93
481
360
486
453
418
216
259
302
59
374
417
173
11
323
377
547
390
112
511
318
396
411
359
426
448
338
443
408
348
34
415
37
572
272
334
165
533
438
469
335
505
263
301
536
208
5
132
548
255
498
292
17
445
228
49
291
485
35
467
18
121
578
471
237
207
344
450
497
336
225
515
199
276
537
22
213
371
114
563
281
480
393
327
361
62
271
192
528
146
310
507
365
84
91
3
357
67
473
307
40
376
452
185
249
196
77
229
298
584
566
99
87
436
4
133
380
69
451
446
202
478
282
24
88
414
86
80
559
439
541
175
286
171
454
164
42
137
321
405
53
172
7
27
491
364
571
101
350
258
372
320
153
39
540
429
108
492
55
226
241
159
65
274
104
222
518
539
162
501
219
527
499
500
45
115
130
273
549
152
158
538
401
211
568
449
508
424
205
224
275
570
523
351
312
425
36
576
496
475
388
440
385
468
343
346
246
63
30
575
265
506
60
487
64
465
46
432
124
419
504
197
470
66
178
139
251
379
21
394
136
285
535
513
78
235
555
23
147
28
331
166
495
370
400
247
479
242
183
279
363
352
245
366
109
404
582
367
47
8
586
459
460
514
283
333
169
111
58
326
278
410
437
79
252
167
198
304
339
231
233
103
349
416
138
583
113
381
431
44
72
182
427
1
135
466
13
464
243
458
462
565
161
71
524
284
354
142
477
248
542
332
128
140
494
95
386
148
319
409
398
89
127
560
134
85
176
81
125
25
520
94
395
522
253
574
126
442
38
531
97
550
56
98
19
358
516
51
554
488
212
461
267
476
472
295
41
179
303
347
378
313
238
100
194
406
264
244
73
209
156
412
463
483
210
68
369
296
389
521
2
123
277
368
512
556
441
191
356
195
430
6
434
82
435
447
75
143
530
316
204
230
355
269
387
308
215
529
10
399
90
201
397
456
581
206
193
474
421
218
311
553
546
223
70
325
227
54
353
266
221
509
9
329
61
261
567
558
105
14
573
129
413
305
340
342
149
289
150
160
482
119
517
262
362
189
122
328
314
250
299
116
545
534
0
92
526
562
280
145
444
317
420
287
407
144
32
83
