263
248
225
53
184
129
34
256
136
191
143
10
207
133
74
122
166
22
218
93
36
60
84
235
88
229
251
262
126
131
174
208
188
250
19
190
90
180
52
234
231
148
31
169
135
224
112
106
151
32
154
187
109
130
170
14
197
144
5
223
238
157
61
21
215
15
120
213
134
107
116
247
259
78
186
227
142
257
240
16
66
25
178
72
181
65
35
128
222
81
214
57
146
124
150
54
233
82
232
26
94
192
9
92
179
155
265
23
76
266
8
139
7
108
205
110
230
270
226
195
1
51
261
212
200
260
176
203
58
145
140
30
97
228
99
64
172
153
75
50
24
246
104
102
117
114
100
96
89
87
164
103
41
171
220
71
47
189
49
79
210
268
204
185
244
217
242
255
123
3
249
127
37
83
56
209
95
27
69
101
44
173
162
77
67
20
199
201
115
62
254
167
158
29
245
221
86
163
18
211
264
138
243
141
55
168
161
0
156
253
6
111
236
105
59
239
39
68
202
147
182
219
252
4
12
132
40
125
198
269
63
267
237
152
137
118
196
45
73
17
165
160
48
91
149
159
193
183
206
46
13
113
121
119
38
175
194
241
70
33
42
258
2
11
80
28
177
216
98
85
43
