57
185
24
523
84
240
525
664
209
62
662
675
385
345
293
532
290
349
0
350
694
246
335
424
660
18
99
225
12
632
413
100
223
505
455
20
442
646
17
148
672
377
245
117
214
11
186
573
253
417
191
680
90
79
380
306
718
608
270
656
25
590
568
157
553
219
450
648
657
603
558
457
318
516
131
561
452
433
725
96
471
720
640
391
239
21
166
393
137
238
140
338
562
537
626
588
661
514
534
201
27
126
255
653
165
268
601
422
9
263
236
152
436
153
670
227
280
261
667
521
418
83
387
70
535
536
362
592
69
678
135
466
695
347
474
346
337
182
19
622
272
668
281
314
230
654
461
711
276
618
81
109
547
392
294
395
279
407
361
120
55
577
473
714
193
621
98
106
627
633
52
2
317
124
504
295
437
65
180
233
677
579
342
430
264
271
319
692
108
85
620
226
703
698
663
266
26
160
415
136
171
499
344
77
679
22
665
425
32
257
552
363
467
602
175
383
89
624
348
647
419
195
213
142
269
728
388
492
178
277
51
379
202
529
589
320
204
735
149
636
585
224
591
574
431
440
498
674
375
64
513
390
292
30
88
502
287
556
566
367
45
308
378
368
684
283
333
78
682
721
187
613
46
206
5
408
174
584
386
353
506
604
13
596
643
412
196
382
330
63
519
617
456
423
705
611
595
29
252
360
666
533
104
370
481
354
449
16
384
221
267
700
50
168
3
35
141
676
47
237
619
448
606
690
570
4
247
329
95
200
435
192
427
305
421
321
581
681
445
468
351
567
66
527
540
493
655
234
189
352
194
74
288
510
576
671
635
731
645
366
443
517
563
403
612
154
526
179
184
669
122
630
304
105
249
544
524
212
397
530
76
512
515
322
323
298
164
71
489
300
207
340
205
161
381
373
405
112
600
163
259
500
389
203
93
394
40
486
458
454
733
229
284
478
522
127
659
625
357
56
649
651
251
371
453
560
130
462
710
400
615
555
616
134
696
609
480
181
650
116
80
607
285
730
173
491
409
37
307
598
723
594
722
738
541
550
49
429
343
414
688
398
123
569
183
315
103
258
176
7
129
484
518
110
97
686
242
256
262
713
652
396
488
411
73
208
336
334
706
531
198
634
101
472
365
172
170
332
399
543
727
118
60
376
43
737
53
328
507
67
736
232
167
59
311
438
327
331
177
658
509
724
301
546
702
61
278
447
31
133
58
683
91
210
551
275
139
699
128
216
36
470
341
639
243
156
497
451
228
190
428
691
188
593
75
446
260
297
482
369
420
697
222
460
637
54
539
324
310
508
248
146
565
401
125
701
38
554
145
559
111
479
6
119
8
220
241
693
155
719
162
557
364
34
143
39
641
432
582
28
726
107
356
312
623
501
673
715
14
121
483
441
113
548
439
282
82
291
444
597
463
1
732
250
520
583
159
605
402
10
712
158
734
326
614
642
487
410
685
406
571
254
538
689
94
150
416
296
41
490
372
564
302
687
599
716
44
299
147
87
92
503
629
485
358
138
309
708
231
729
215
359
644
102
217
580
707
459
475
477
316
235
197
586
528
465
313
549
33
355
434
169
542
494
339
144
72
717
374
48
469
244
631
545
628
289
68
464
511
265
610
115
42
15
704
495
404
273
325
638
572
23
476
496
114
709
199
578
274
211
151
86
426
303
132
286
575
218
587
