115
25
296
58
308
337
9
16
0
6
256
4
101
138
198
324
133
7
153
315
193
158
15
130
332
171
11
179
166
111
307
291
5
127
294
98
143
177
176
319
31
36
126
3
10
302
51
238
203
91
329
90
231
340
134
23
96
261
328
174
13
305
289
113
285
283
21
212
246
28
117
163
105
107
73
335
195
213
242
22
2
201
186
154
341
225
160
217
114
273
60
48
93
257
140
44
194
197
190
82
71
336
208
47
52
314
310
253
333
279
207
233
161
62
249
65
34
100
182
267
218
148
298
271
277
88
311
252
119
86
181
274
222
94
297
300
41
45
162
112
266
69
258
320
227
56
237
342
221
116
38
104
247
226
97
240
254
53
64
110
77
103
244
99
276
301
299
263
268
12
290
46
204
260
183
275
322
132
20
318
280
83
152
199
205
30
269
37
19
243
265
29
70
211
155
124
168
312
54
255
89
24
304
79
210
288
59
139
321
187
175
259
295
26
123
327
325
128
75
239
251
95
121
272
167
120
84
293
245
102
40
78
150
169
220
200
63
74
39
165
8
159
214
223
228
149
76
42
144
334
189
164
326
108
306
286
106
184
72
141
137
32
278
262
92
202
145
323
33
196
135
35
156
309
142
191
206
270
330
125
331
241
85
55
146
170
236
67
50
147
43
129
131
264
188
178
215
229
87
81
234
317
230
232
173
17
287
219
313
292
118
281
136
27
109
172
61
248
180
68
224
339
209
14
284
235
18
151
66
316
303
216
157
338
250
122
80
1
192
282
57
185
49
