105
194
47
273
178
289
216
234
39
205
258
143
159
97
190
60
104
67
126
111
292
172
275
276
230
135
152
2
57
66
228
165
74
168
300
167
260
308
41
0
59
235
11
130
174
238
249
306
199
197
164
69
302
196
254
195
200
141
160
270
77
237
206
7
42
280
108
117
274
246
12
179
203
142
184
220
54
215
63
93
18
294
229
22
33
222
128
221
139
35
286
4
269
43
232
262
17
24
92
25
140
87
244
279
186
19
247
189
180
242
278
37
134
219
285
154
137
250
236
301
13
256
171
176
303
9
31
290
257
123
46
156
113
209
267
81
107
239
293
55
213
96
225
8
177
182
183
202
1
192
283
3
149
101
187
21
84
98
27
207
6
75
71
29
112
62
158
133
48
226
144
64
170
78
288
282
261
227
245
310
119
146
79
211
304
161
32
208
120
124
277
106
115
127
287
99
284
147
185
198
251
89
173
100
10
5
34
148
231
191
90
166
50
268
240
252
169
14
298
61
281
241
263
295
272
188
210
109
80
125
28
58
129
51
264
122
121
94
82
38
223
53
307
91
23
49
116
131
193
65
70
103
201
266
16
95
255
132
212
83
138
181
233
72
15
20
56
155
73
85
153
88
45
217
150
291
30
44
248
162
114
204
259
214
151
145
309
265
36
110
163
40
299
52
175
311
102
26
305
86
68
157
296
271
243
253
224
76
297
218
118
136
