143
139
276
125
11
293
195
268
168
41
274
305
30
17
226
178
134
244
133
298
68
289
124
59
157
107
292
309
232
230
158
136
36
160
302
153
217
100
255
204
228
116
257
106
110
251
89
246
74
269
142
0
98
76
287
75
77
183
130
22
83
209
25
65
20
119
49
46
123
190
28
108
285
220
201
48
176
104
174
45
86
122
144
91
169
258
146
291
270
254
121
90
126
191
112
261
97
221
42
27
311
301
227
67
271
210
151
182
38
264
69
167
198
216
72
93
15
252
14
99
114
308
138
193
101
310
237
70
239
149
262
4
181
159
267
163
152
24
73
249
224
199
2
66
184
279
282
288
212
161
61
281
79
180
40
286
275
196
109
47
265
54
12
236
263
235
115
200
205
1
214
175
132
84
71
242
277
85
34
247
171
58
162
260
296
253
222
300
96
148
241
194
43
155
278
189
120
57
218
185
92
53
283
19
87
259
307
82
51
225
172
147
39
127
256
50
154
202
60
234
88
145
303
62
238
23
113
94
165
150
266
233
135
206
117
31
6
156
223
179
192
203
245
44
140
81
35
105
131
243
164
166
5
248
7
299
10
16
18
111
80
211
13
8
173
231
177
29
273
187
170
118
141
219
55
294
229
128
9
137
33
78
304
188
215
56
64
102
290
95
129
284
21
213
272
297
37
280
3
52
240
32
63
207
250
186
103
306
295
208
26
197
